tyler
10
1
0.0
1547648366
1547647897
96
1
1
1
7
2
9
0
15
90
2.5599943033453454
1547647897
1
7
2
8
0
16
90
2.1479239949482554
1547647897
1
6
2
10
0
13
100
1.9015982762218973
1547647897
1
4
1
5
0
27
196
4.047801899605788
1547647897
1
5
1
6
0
29
230
3.594336579379822
1547647897
1
2
0
1
3
44
324
5.290086942671806
1547647897
1
5
1
5
0
30
223
4.549814971333424
1547647897
1
4
1
6
0
24
210
3.8939423158622746
1547647897
1
6
3
9
0
15
96
2.0050740273207404
1547647897
1
6
2
8
0
15
92
2.2900637725682578
1547647897
