Tyler
10
1
0.0
1544282824
1544234858
1726
1
1
1
772
840
12
343
1545
4972.279722318154
1544234858
1
922
851
15
504
1223
4972.070750643001
1544234858
1
816
823
13
355
1506
4973.474149348316
1544234858
1
513
521
17
533
1933
4972.830031606012
1544234858
1
445
449
13
349
2257
4973.6845982135
1544234858
1
231
240
18
427
2602
4973.371155381761
1544234858
1
467
488
14
416
2129
4972.421103696953
1544234858
1
488
498
20
447
2067
4971.771526526434
1544234858
1
874
863
16
446
1317
4972.594444745632
1544234858
1
800
852
14
450
1398
4972.403634335296
1544234858
